0.9562
[[1697    8    5   35    8    0    0    1]
 [   7 1459    8    3    2    0    0    0]
 [   4    7  603    1    1    0    9    0]
 [  37    3    0  550    3    2    3    0]
 [   8    0    3    5  379    4    0    0]
 [   0    0    0    1    9   10    0    0]
 [   0    0   12    5    3    0   78    0]
 [  12    2    1    4    2    1    0    5]]
0.9542
[[1726    5    6   37    6    0    1    1]
 [   8 1447    4    2    1    0    0    0]
 [   9    6  573    0    2    0    8    0]
 [  42    5    0  520    4    0    0    0]
 [   8    6    0    6  404    2    0    1]
 [   0    0    0    3   12    9    0    1]
 [   1    0   18    4    3    1   84    0]
 [  11    3    0    0    1    0    1    8]]
0.9534
[[1666    5    8   45    6    1    3    2]
 [   7 1455    5    3    3    0    2    1]
 [   6    1  566    0    7    0   11    0]
 [  45    2    1  602    2    4    8    1]
 [   6    2    0    4  391    1    1    0]
 [   0    0    0    2   10    2    0    1]
 [   0    0   10    4    1    0   79    0]
 [  11    0    0    0    1    0    0    6]]